0.106482668507451
-9.9921875 4.50770393665494E-05
-9.9765625 4.60247464671175E-05
-9.9609375 4.69911035853147E-05
-9.9453125 4.79764493277258E-05
-9.9296875 4.89811278443107E-05
-9.9140625 5.00054889069089E-05
-9.8984375 5.10498879886192E-05
-9.8828125 5.21146863440585E-05
-9.8671875 5.32002510905059E-05
-9.8515625 5.43069552899368E-05
-9.8359375 5.54351780319532E-05
-9.8203125 5.65853045176127E-05
-9.8046875 5.7757726144164E-05
-9.7890625 5.8952840590692E-05
-9.7734375 6.01710519046778E-05
-9.7578125 6.14127705894782E-05
-9.7421875 6.26784136927298E-05
-9.7265625 6.39684048956816E-05
-9.7109375 6.52831746034608E-05
-9.6953125 6.6623160036277E-05
-9.6796875 6.7988805321567E-05
-9.6640625 6.93805615870876E-05
-9.6484375 7.0798887054957E-05
-9.6328125 7.22442471366516E-05
-9.6171875 7.37171145289608E-05
-9.6015625 7.52179693109033E-05
-9.5859375 7.67472990416104E-05
-9.5703125 7.83055988591773E-05
-9.5546875 7.9893371580488E-05
-9.5390625 8.1511127802016E-05
-9.5234375 8.31593860016055E-05
-9.5078125 8.48386726412332E-05
-9.4921875 8.65495222707578E-05
-9.4765625 8.82924776326566E-05
-9.4609375 9.00680897677538E-05
-9.4453125 9.18769181219426E-05
-9.4296875 9.37195306539035E-05
-9.4140625 9.5596503943821E-05
-9.3984375 9.75084233031016E-05
-9.3828125 9.94558828850942E-05
-9.3671875 0.000101439485796816
-9.3515625 0.000103459844211681
-9.3359375 0.000105517579483247
-9.3203125 0.000107613322259955
-9.3046875 0.000109747712600896
-9.2890625 0.000111921400092582
-9.2734375 0.000114135043966725
-9.2578125 0.00011638931321904
-9.2421875 0.000118684886729056
-9.2265625 0.000121022453380936
-9.2109375 0.000123402712185325
-9.1953125 0.000125826372402199
-9.1796875 0.000128294153664733
-9.1640625 0.000130806786104191
-9.1484375 0.000133365010475812
-9.1328125 0.000135969578285725
-9.1171875 0.000138621251918864
-9.1015625 0.000141320804767902
-9.0859375 0.000144069021363185
-9.0703125 0.000146866697503678
-9.0546875 0.000149714640388917
-9.0390625 0.00015261366875196
-9.0234375 0.000155564612993342
-9.0078125 0.000158568315316024
-8.9921875 0.000161625629861343
-8.9765625 0.000164737422845946
-8.9609375 0.000167904572699723
-8.9453125 0.000171127970204712
-8.9296875 0.000174408518634998
-8.9140625 0.00017774713389758
-8.8984375 0.000181144744674216
-8.8828125 0.000184602292564231
-8.8671875 0.000188120732228294
-8.8515625 0.000191701031533146
-8.8359375 0.000195344171697289
-8.8203125 0.000199051147437612
-8.8046875 0.000202822967116963
-8.7890625 0.000206660652892656
-8.7734375 0.000210565240865902
-8.7578125 0.000214537781232161
-8.7421875 0.000218579338432409
-8.7265625 0.000222690991305312
-8.7109375 0.00022687383324029
-8.6953125 0.00023112897233148
-8.6796875 0.000235457531532575
-8.6640625 0.000239860648812533
-8.6484375 0.000244339477312153
-8.6328125 0.0002488951855015
-8.6171875 0.000253528957338182
-8.6015625 0.000258241992426443
-8.5859375 0.0002630355061771
-8.5703125 0.000267910729968271
-8.5546875 0.000272868911306919
-8.5390625 0.000277911313991175
-8.5234375 0.000283039218273439
-8.5078125 0.000288253921024249
-8.4921875 0.000293556735896898
-8.4765625 0.000298948993492785
-8.4609375 0.000304432041527501
-8.4453125 0.000310007244997615
-8.4296875 0.000315675986348163
-8.4140625 0.00032143966564081
-8.3984375 0.000327299700722693
-8.3828125 0.000333257527395897
-8.3671875 0.000339314599587579
-8.3515625 0.000345472389520703
-8.3359375 0.000351732387885383
-8.3203125 0.000358096104010802
-8.3046875 0.000364565066037705
-8.2890625 0.000371140821091438
-8.2734375 0.000377824935455516
-8.2578125 0.000384618994745703
-8.2421875 0.000391524604084588
-8.2265625 0.000398543388276623
-8.2109375 0.000405676991983627
-8.1953125 0.000412927079900705
-8.1796875 0.000420295336932595
-8.1640625 0.000427783468370384
-8.1484375 0.000435393200068605
-8.1328125 0.000443126278622675
-8.1171875 0.000450984471546644
-8.1015625 0.000458969567451257
-8.0859375 0.000467083376222274
-8.0703125 0.000475327729199052
-8.0546875 0.000483704479353337
-8.0390625 0.00049221550146827
-8.0234375 0.000500862692317553
-8.0078125 0.000509647970844768
-7.9921875 0.000518573278342813
-7.9765625 0.00052764057863343
-7.9609375 0.000536851858246799
-7.9453125 0.000546209126601165
-7.9296875 0.000555714416182474
-7.9140625 0.000565369782723988
-7.8984375 0.000575177305385842
-7.8828125 0.000585139086934526
-7.8671875 0.000595257253922247
-7.8515625 0.000605533956866148
-7.8359375 0.000615971370427353
-7.8203125 0.000626571693589799
-7.8046875 0.000637337149838827
-7.7890625 0.000648269987339495
-7.7734375 0.000659372479114586
-7.7578125 0.000670646923222267
-7.7421875 0.000682095642933373
-7.7265625 0.000693720986908267
-7.7109375 0.000705525329373261
-7.6953125 0.000717511070296542
-7.6796875 0.00072968063556357
-7.6640625 0.000742036477151923
-7.6484375 0.000754581073305529
-7.6328125 0.000767316928708271
-7.6171875 0.000780246574656901
-7.6015625 0.000793372569233242
-7.5859375 0.000806697497475629
-7.5703125 0.000820223971549549
-7.5546875 0.000833954630917439
-7.5390625 0.000847892142507604
-7.5234375 0.000862039200882199
-7.5078125 0.000876398528404254
-7.4921875 0.000890972875403677
-7.4765625 0.000905765020342205
-7.4609375 0.000920777769977244
-7.4453125 0.00093601395952458
-7.4296875 0.000951476452819875
-7.4140625 0.000967168142478942
-7.3984375 0.000983091950056722
-7.3828125 0.000999250826204935
-7.3671875 0.00101564775082835
-7.3515625 0.00103228573323961
-7.3359375 0.00104916781231262
-7.3203125 0.00106629705663434
-7.3046875 0.00108367656465507
-7.2890625 0.00110130946483707
-7.2734375 0.0011191989158015
-7.2578125 0.00113734810647362
-7.2421875 0.00115576025622626
-7.2265625 0.0011744386150214
-7.2109375 0.00119338646354988
-7.1953125 0.00121260711336914
-7.1796875 0.00123210390703906
-7.1640625 0.00125188021825562
-7.1484375 0.00127193945198256
-7.1328125 0.00129228504458079
-7.1171875 0.00131292046393568
-7.1015625 0.00133384920958201
-7.0859375 0.00135507481282661
-7.0703125 0.00137660083686857
-7.0546875 0.00139843087691715
-7.0390625 0.00142056856030695
-7.0234375 0.00144301754661077
-7.0078125 0.00146578152774967
-6.9921875 0.00148886422810042
-6.9765625 0.00151226940460021
-6.9609375 0.00153600084684853
-6.9453125 0.00156006237720625
-6.9296875 0.0015844578508917
-6.9140625 0.0016091911560738
-6.8984375 0.00163426621396219
-6.8828125 0.00165968697889414
-6.8671875 0.00168545743841841
-6.8515625 0.00171158161337579
-6.8359375 0.00173806355797641
-6.8203125 0.00176490735987359
-6.8046875 0.00179211714023437
-6.7890625 0.00181969705380649
-6.7734375 0.00184765128898183
-6.7578125 0.00187598406785621
-6.7421875 0.00190469964628553
-6.7265625 0.00193380231393818
-6.7109375 0.00196329639434352
-6.6953125 0.00199318624493662
-6.6796875 0.00202347625709897
-6.6640625 0.00205417085619516
-6.6484375 0.0020852745016055
-6.6328125 0.00211679168675451
-6.6171875 0.00214872693913513
-6.6015625 0.00218108482032871
-6.5859375 0.00221386992602057
-6.5703125 0.00224708688601118
-6.5546875 0.00228074036422287
-6.5390625 0.0023148350587019
-6.5234375 0.00234937570161597
-6.5078125 0.00238436705924701
-6.4921875 0.00241981393197916
-6.4765625 0.002455721154282
-6.4609375 0.00249209359468878
-6.4453125 0.00252893615576972
-6.4296875 0.00256625377410026
-6.4140625 0.00260405142022418
-6.3984375 0.00264233409861157
-6.3828125 0.00268110684761149
-6.3671875 0.00272037473939934
-6.3515625 0.00276014287991884
-6.3359375 0.00280041640881853
-6.3203125 0.00284120049938274
-6.3046875 0.00288250035845695
-6.2890625 0.0029243212263675
-6.2734375 0.00296666837683552
-6.2578125 0.0030095471168851
-6.2421875 0.00305296278674554
-6.2265625 0.00309692075974763
-6.2109375 0.00314142644221399
-6.1953125 0.00318648527334322
-6.1796875 0.00323210272508799
-6.1640625 0.00327828430202686
-6.1484375 0.00332503554122974
-6.1328125 0.00337236201211715
-6.1171875 0.0034202693163129
-6.1015625 0.00346876308749033
-6.0859375 0.003517848991212
-6.0703125 0.00356753272476273
-6.0546875 0.00361782001697597
-6.0390625 0.00366871662805332
-6.0234375 0.00372022834937734
-6.0078125 0.00377236100331741
-5.9921875 0.00382512044302856
-5.9765625 0.00387851255224342
-5.9609375 0.00393254324505695
-5.9453125 0.0039872184657041
-5.9296875 0.00404254418833017
-5.9140625 0.004098526416754
-5.8984375 0.00415517118422373
-5.8828125 0.00421248455316515
-5.8671875 0.00427047261492268
-5.8515625 0.00432914148949271
-5.8359375 0.00438849732524944
-5.8203125 0.00444854629866301
-5.8046875 0.00450929461400996
-5.7890625 0.00457074850307595
-5.7734375 0.00463291422485057
-5.7578125 0.00469579806521439
-5.7421875 0.00475940633661799
-5.7265625 0.00482374537775303
-5.7109375 0.0048888215532153
-5.6953125 0.00495464125315963
-5.6796875 0.00502121089294665
-5.6640625 0.00508853691278141
-5.6484375 0.00515662577734371
-5.6328125 0.00522548397541005
-5.6171875 0.00529511801946738
-5.6015625 0.00536553444531834
-5.5859375 0.00543673981167804
-5.5703125 0.00550874069976244
-5.5546875 0.00558154371286812
-5.5390625 0.00565515547594343
-5.5234375 0.00572958263515111
-5.5078125 0.00580483185742219
-5.4921875 0.00588090983000111
-5.4765625 0.00595782325998224
-5.4609375 0.00603557887383743
-5.4453125 0.00611418341693489
-5.4296875 0.00619364365304911
-5.4140625 0.00627396636386189
-5.3984375 0.00635515834845447
-5.3828125 0.00643722642279062
-5.3671875 0.00652017741919086
-5.3515625 0.00660401818579748
-5.3359375 0.00668875558603064
-5.3203125 0.00677439649803533
-5.3046875 0.00686094781411918
-5.2890625 0.0069484164401812
-5.2734375 0.00703680929513131
-5.2578125 0.0071261333103007
-5.2421875 0.007216395428843
-5.2265625 0.00730760260512623
-5.2109375 0.00739976180411542
-5.1953125 0.00749288000074615
-5.1796875 0.00758696417928863
-5.1640625 0.00768202133270262
-5.1484375 0.00777805846198302
-5.1328125 0.00787508257549613
-5.1171875 0.00797310068830663
-5.1015625 0.00807211982149524
-5.0859375 0.00817214700146703
-5.0703125 0.00827318925925041
-5.0546875 0.00837525362978686
-5.0390625 0.00847834715121121
-5.0234375 0.00858247686412269
-5.0078125 0.00868764981084665
-4.9921875 0.00879387303468692
-4.9765625 0.00890115357916895
-4.9609375 0.00900949848727352
-4.9453125 0.00911891480066133
-4.9296875 0.00922940955888815
-4.9140625 0.0093409897986109
-4.8984375 0.00945366255278433
-4.8828125 0.00956743484984857
-4.8671875 0.00968231371290746
-4.8515625 0.00979830615889772
-4.8359375 0.00991541919774898
-4.8203125 0.0100336598315346
-4.8046875 0.0101530350536137
-4.7890625 0.0102735518477636
-4.7734375 0.0103952171873038
-4.7578125 0.0105180380342105
-4.7421875 0.0106420213382228
-4.7265625 0.0107671740359391
-4.7109375 0.0108935030499054
-4.6953125 0.0110210152876945
-4.6796875 0.0111497176409764
-4.6640625 0.0112796169845798
-4.6484375 0.0114107201755457
-4.6328125 0.011543034052171
-4.6171875 0.0116765654330451
-4.6015625 0.0118113211160768
-4.5859375 0.0119473078775135
-4.5703125 0.0120845324709515
-4.5546875 0.0122230016263381
-4.5390625 0.0123627220489659
-4.5234375 0.0125037004184585
-4.5078125 0.012645943387748
-4.4921875 0.0127894575820446
-4.4765625 0.0129342495977987
-4.4609375 0.0130803260016543
-4.4453125 0.0132276933293951
-4.4296875 0.0133763580848831
-4.4140625 0.0135263267389887
-4.3984375 0.0136776057285147
-4.3828125 0.0138302014551113
-4.3671875 0.0139841202841846
-4.3515625 0.0141393685437981
-4.3359375 0.0142959525235663
-4.3203125 0.0144538784735417
-4.3046875 0.0146131526030949
-4.2890625 0.0147737810797877
-4.2734375 0.0149357700282391
-4.2578125 0.015099125528986
-4.2421875 0.0152638536173353
-4.2265625 0.0154299602822118
-4.2109375 0.0155974514649983
-4.1953125 0.0157663330583701
-4.1796875 0.0159366109051236
-4.1640625 0.0161082907969987
-4.1484375 0.0162813784734958
-4.1328125 0.0164558796206866
-4.1171875 0.0166317998700199
-4.1015625 0.0168091447971219
-4.0859375 0.0169879199205912
-4.0703125 0.0171681307007886
-4.0546875 0.0173497825386224
-4.0390625 0.0175328807743283
-4.0234375 0.0177174306862451
-4.0078125 0.0179034374895856
-3.9921875 0.0180909063352035
-3.9765625 0.0182798423083557
-3.9609375 0.018470250427461
-3.9453125 0.0186621356428545
-3.9296875 0.0188555028355387
-3.9140625 0.0190503568159306
-3.8984375 0.0192467023226059
-3.8828125 0.0194445440210398
-3.8671875 0.0196438865023446
-3.8515625 0.0198447342820046
-3.8359375 0.0200470917986085
-3.8203125 0.020250963412579
-3.8046875 0.0204563534049002
-3.7890625 0.0206632659758429
-3.7734375 0.0208717052436881
-3.7578125 0.0210816752434482
-3.7421875 0.0212931799255874
-3.7265625 0.0215062231547403
-3.7109375 0.021720808708429
-3.6953125 0.0219369402757801
-3.6796875 0.0221546214562402
-3.6640625 0.0223738557582911
-3.6484375 0.0225946465981644
-3.6328125 0.0228169972985565
-3.6171875 0.023040911087343
-3.6015625 0.0232663910962935
-3.5859375 0.0234934403597875
-3.5703125 0.02372206181353
-3.5546875 0.0239522582932687
-3.5390625 0.024184032533512
-3.5234375 0.0244173871662488
-3.5078125 0.0246523247196689
-3.4921875 0.0248888476168863
-3.4765625 0.0251269581746639
-3.4609375 0.0253666586021404
-3.4453125 0.02560795099956
-3.4296875 0.0258508373570046
-3.4140625 0.0260953195531289
-3.3984375 0.0263413993538987
-3.3828125 0.0265890784113329
-3.3671875 0.0268383582622484
-3.3515625 0.02708924032701
-3.3359375 0.0273417259082833
-3.3203125 0.0275958161897926
-3.3046875 0.0278515122350836
-3.2890625 0.0281088149862899
-3.2734375 0.0283677252629063
-3.2578125 0.0286282437605657
-3.2421875 0.0288903710498227
-3.2265625 0.0291541075749428
-3.2109375 0.0294194536526975
-3.1953125 0.0296864094711662
-3.1796875 0.0299549750885439
-3.1640625 0.030225150431957
-3.1484375 0.0304969352962846
-3.1328125 0.0307703293429891
-3.1171875 0.0310453320989524
-3.1015625 0.0313219429553219
-3.0859375 0.0316001611663633
-3.0703125 0.0318799858483222
-3.0546875 0.0321614159782947
-3.0390625 0.0324444503931069
-3.0234375 0.0327290877882027
-3.0078125 0.0330153267165425
-2.9921875 0.0333031655875105
-2.9765625 0.0335926026658324
-2.9609375 0.0338836360705035
-2.9453125 0.034176263773727
-2.9296875 0.0344704835998632
-2.9140625 0.0347662932243901
-2.8984375 0.0350636901728746
-2.8828125 0.035362671819956
-2.8671875 0.0356632353883407
-2.8515625 0.0359653779478097
-2.8359375 0.036269096414238
-2.8203125 0.0365743875486266
-2.8046875 0.0368812479561477
-2.7890625 0.037189674085203
-2.7734375 0.0374996622264953
-2.7578125 0.0378112085121139
-2.7421875 0.0381243089146339
-2.7265625 0.0384389592462298
-2.7109375 0.0387551551578038
-2.6953125 0.0390728921381282
-2.6796875 0.0393921655130037
-2.6640625 0.0397129704444319
-2.6484375 0.0400353019298049
-2.6328125 0.0403591548011088
-2.6171875 0.0406845237241448
-2.6015625 0.041011403197766
-2.5859375 0.0413397875531305
-2.5703125 0.0416696709529719
-2.5546875 0.0420010473908865
-2.5390625 0.042333910690638
-2.5234375 0.0426682545054798
-2.5078125 0.0430040723174948
-2.4921875 0.0433413574369541
-2.4765625 0.0436801030016927
-2.4609375 0.0440203019765054
-2.4453125 0.0443619471525602
-2.4296875 0.0447050311468314
-2.4140625 0.0450495464015519
-2.3984375 0.0453954851836849
-2.3828125 0.0457428395844158
-2.3671875 0.0460916015186635
-2.3515625 0.0464417627246125
-2.3359375 0.0467933147632653
-2.3203125 0.0471462490180153
-2.3046875 0.0475005566942409
-2.2890625 0.047856228818921
-2.2734375 0.048213256240271
-2.2578125 0.0485716296274016
-2.2421875 0.0489313394699986
-2.2265625 0.0492923760780248
-2.2109375 0.0496547295814445
-2.1953125 0.0500183899299704
-2.1796875 0.0503833468928329
-2.1640625 0.0507495900585724
-2.1484375 0.051117108834855
-2.1328125 0.0514858924483109
-2.1171875 0.0518559299443967
-2.1015625 0.0522272101872814
-2.0859375 0.0525997218597558
-2.0703125 0.0529734534631663
-2.0546875 0.0533483933173731
-2.0390625 0.0537245295607322
-2.0234375 0.0541018501501028
-2.0078125 0.0544803428608786
-1.9921875 0.0548599952870444
-1.9765625 0.0552407948412581
-1.9609375 0.0556227287549575
-1.9453125 0.0560057840784926
-1.9296875 0.0563899476812836
-1.9140625 0.0567752062520046
-1.8984375 0.0571615462987929
-1.8828125 0.0575489541494848
-1.8671875 0.0579374159518769
-1.8515625 0.0583269176740141
-1.8359375 0.0587174451045044
-1.8203125 0.0591089838528591
-1.8046875 0.0595015193498607
-1.7890625 0.0598950368479572
-1.7734375 0.0602895214216831
-1.7578125 0.0606849579681079
-1.7421875 0.0610813312073111
-1.7265625 0.061478625682885
-1.7109375 0.0618768257624643
-1.6953125 0.0622759156382835
-1.6796875 0.0626758793277613
-1.6640625 0.0630767006741132
-1.6484375 0.0634783633469913
-1.6328125 0.0638808508431519
-1.6171875 0.0642841464871509
-1.6015625 0.0646882334320669
-1.5859375 0.0650930946602529
-1.5703125 0.0654987129841147
-1.5546875 0.0659050710469186
-1.5390625 0.0663121513236265
-1.5234375 0.0667199361217588
-1.5078125 0.0671284075822863
-1.4921875 0.0675375476805494
-1.4765625 0.0679473382272061
-1.4609375 0.0683577608692076
-1.4453125 0.068768797090803
-1.4296875 0.0691804282145707
-1.4140625 0.0695926354024801
-1.3984375 0.0700053996569795
-1.3828125 0.0704187018221133
-1.3671875 0.0708325225846676
-1.3515625 0.0712468424753427
-1.3359375 0.0716616418699554
-1.3203125 0.072076900990668
-1.3046875 0.0724925999072464
-1.2890625 0.0729087185383454
-1.2734375 0.0733252366528227
-1.2578125 0.0737421338710802
-1.2421875 0.0741593896664339
-1.2265625 0.0745769833665109
-1.2109375 0.0749948941546745
-1.1953125 0.075413101071477
-1.1796875 0.0758315830161398
-1.1640625 0.0762503187480615
-1.1484375 0.0766692868883528
-1.1328125 0.0770884659213992
-1.1171875 0.0775078341964507
-1.1015625 0.0779273699292382
-1.0859375 0.078347051203618
-1.0703125 0.0787668559732418
-1.0546875 0.0791867620632545
-1.0390625 0.0796067471720175
-1.0234375 0.08002678887286
-1.0078125 0.080446864615855
-0.9921875 0.0808669517296224
-0.9765625 0.081287027423158
-0.9609375 0.0817070687876882
-0.9453125 0.08212705279855
-0.9296875 0.0825469563170975
-0.9140625 0.0829667560926328
-0.8984375 0.0833864287643622
-0.8828125 0.0838059508633779
-0.8671875 0.0842252988146637
-0.8515625 0.0846444489391258
-0.8359375 0.0850633774556475
-0.8203125 0.0854820604831688
-0.8046875 0.0859004740427886
-0.7890625 0.086318594059892
-0.7734375 0.0867363963663
-0.7578125 0.0871538567024432
-0.7421875 0.0875709507195578
-0.7265625 0.0879876539819046
-0.7109375 0.0884039419690106
-0.6953125 0.0888197900779328
-0.6796875 0.0892351736255438
-0.6640625 0.0896500678508392
-0.6484375 0.0900644479172659
-0.6328125 0.0904782889150729
-0.6171875 0.0908915658636811
-0.6015625 0.0913042537140753
-0.5859375 0.0917163273512152
-0.5703125 0.0921277615964673
-0.5546875 0.0925385312100558
-0.5390625 0.0929486108935333
-0.5234375 0.0933579752922701
-0.5078125 0.0937665989979627
-0.4921875 0.0941744565511602
-0.4765625 0.0945815224438087
-0.4609375 0.0949877711218144
-0.4453125 0.0953931769876225
-0.4296875 0.0957977144028144
-0.4140625 0.0962013576907211
-0.3984375 0.0966040811390529
-0.3828125 0.0970058590025448
-0.3671875 0.0974066655056183
-0.3515625 0.0978064748450574
-0.3359375 0.0982052611927005
-0.3203125 0.0986029986981457
-0.3046875 0.0989996614914711
-0.2890625 0.0993952236859681
-0.2734375 0.0997896593808888
-0.2578125 0.100182942664206
-0.2421875 0.100575047615383
-0.2265625 0.100965948308164
-0.2109375 0.101355618813364
-0.1953125 0.10174403320168
-0.1796875 0.102131165546507
-0.1640625 0.102516989926769
-0.1484375 0.10290148042976
-0.1328125 0.103284611153985
-0.1171875 0.103666356212026
-0.1015625 0.104046689733404
-0.0859375 0.104425585867454
-0.0703125 0.10480301878621
-0.0546875 0.105178962687294
-0.0390625 0.105553391796813
-0.0234375 0.105926280372262
-0.0078125 0.106297602705435
0.0078125 0.106667333125343
0.0234375 0.107035446001127
0.0390625 0.107401915744994
0.0546875 0.107766716815137
0.0703125 0.108129823718677
0.0859375 0.108491211014593
0.1015625 0.108850853316666
0.1171875 0.109208725296419
0.1328125 0.109564801686066
0.1484375 0.109919057281449
0.1640625 0.110271466944993
0.1796875 0.11062200560865
0.1953125 0.110970648276844
0.2109375 0.111317370029422
0.2265625 0.111662146024598
0.2421875 0.112004951501896
0.2578125 0.112345761785097
0.2734375 0.112684552285172
0.2890625 0.113021298503228
0.3046875 0.113355976033436
0.3203125 0.113688560565962
0.3359375 0.114019027889896
0.3515625 0.11434735389617
0.3671875 0.114673514580475
0.3828125 0.114997486046171
0.3984375 0.11531924450719
0.4140625 0.115638766290933
0.4296875 0.115956027841162
0.4453125 0.116271005720877
0.4609375 0.116583676615196
0.4765625 0.116894017334214
0.4921875 0.117202004815863
0.5078125 0.117507616128755
0.5234375 0.117810828475019
0.5390625 0.118111619193126
0.5546875 0.118409965760705
0.5703125 0.118705845797339
0.5859375 0.118999237067362
0.6015625 0.119290117482634
0.6171875 0.119578465105302
0.6328125 0.119864258150555
0.6484375 0.12014747498936
0.6640625 0.12042809415118
0.6796875 0.120706094326686
0.6953125 0.120981454370446
0.7109375 0.121254153303598
0.7265625 0.121524170316515
0.7421875 0.12179148477144
0.7578125 0.122056076205117
0.7734375 0.122317924331392
0.7890625 0.122577009043805
0.8046875 0.122833310418157
0.8203125 0.123086808715062
0.8359375 0.123337484382479
0.8515625 0.123585318058217
0.8671875 0.12383029057243
0.8828125 0.124072382950083
0.8984375 0.124311576413399
0.9140625 0.124547852384285
0.9296875 0.124781192486735
0.9453125 0.125011578549209
0.9609375 0.125238992606989
0.9765625 0.125463416904515
0.9921875 0.125684833897688
1.0078125 0.125903226256162
1.0234375 0.126118576865596
1.0390625 0.126330868829892
1.0546875 0.126540085473404
1.0703125 0.126746210343116
1.0859375 0.126949227210799
1.1015625 0.127149120075144
1.1171875 0.127345873163855
1.1328125 0.127539470935729
1.1484375 0.127729898082697
1.1640625 0.127917139531843
1.1796875 0.128101180447393
1.1953125 0.128282006232667
1.2109375 0.128459602532019
1.2265625 0.128633955232723
1.2421875 0.128805050466854
1.2578125 0.128972874613117
1.2734375 0.129137414298658
1.2890625 0.12929865640084
1.3046875 0.129456588048983
1.3203125 0.129611196626083
1.3359375 0.129762469770485
1.3515625 0.129910395377534
1.3671875 0.130054961601186
1.3828125 0.130196156855593
1.3984375 0.130333969816646
1.4140625 0.130468389423492
1.4296875 0.130599404880012
1.4453125 0.130727005656266
1.4609375 0.130851181489903
1.4765625 0.130971922387537
1.4921875 0.131089218626089
1.5078125 0.131203060754088
1.5234375 0.131313439592944
1.5390625 0.13142034623818
1.5546875 0.131523772060628
1.5703125 0.13162370870759
1.5859375 0.131720148103967
1.6015625 0.131813082453339
1.6171875 0.131902504239019
1.6328125 0.131988406225068
1.6484375 0.132070781457268
1.6640625 0.132149623264063
1.6796875 0.132224925257455
1.6953125 0.132296681333872
1.7109375 0.132364885674989
1.7265625 0.132429532748515
1.7421875 0.132490617308942
1.7578125 0.132548134398253
1.7734375 0.132602079346594
1.7890625 0.132652447772905
1.8046875 0.132699235585512
1.8203125 0.132742438982684
1.8359375 0.132782054453145
1.8515625 0.13281807877655
1.8671875 0.132850509023923
1.8828125 0.132879342558053
1.8984375 0.132904577033849
1.9140625 0.132926210398664
1.9296875 0.132944240892567
1.9453125 0.132958667048582
1.9609375 0.132969487692893
1.9765625 0.132976701944998
1.9921875 0.132980309217827
2.0078125 0.132980309217827
2.0234375 0.132976701944998
2.0390625 0.132969487692893
2.0546875 0.132958667048582
2.0703125 0.132944240892567
2.0859375 0.132926210398664
2.1015625 0.132904577033849
2.1171875 0.132879342558053
2.1328125 0.132850509023923
2.1484375 0.13281807877655
2.1640625 0.132782054453145
2.1796875 0.132742438982684
2.1953125 0.132699235585512
2.2109375 0.132652447772905
2.2265625 0.132602079346594
2.2421875 0.132548134398253
2.2578125 0.132490617308942
2.2734375 0.132429532748515
2.2890625 0.132364885674989
2.3046875 0.132296681333872
2.3203125 0.132224925257455
2.3359375 0.132149623264063
2.3515625 0.132070781457268
2.3671875 0.131988406225068
2.3828125 0.131902504239019
2.3984375 0.131813082453339
2.4140625 0.131720148103967
2.4296875 0.13162370870759
2.4453125 0.131523772060628
2.4609375 0.13142034623818
2.4765625 0.131313439592944
2.4921875 0.131203060754088
2.5078125 0.131089218626089
2.5234375 0.130971922387537
2.5390625 0.130851181489903
2.5546875 0.130727005656266
2.5703125 0.130599404880012
2.5859375 0.130468389423492
2.6015625 0.130333969816646
2.6171875 0.130196156855593
2.6328125 0.130054961601186
2.6484375 0.129910395377534
2.6640625 0.129762469770485
2.6796875 0.129611196626083
2.6953125 0.129456588048983
2.7109375 0.12929865640084
2.7265625 0.129137414298658
2.7421875 0.128972874613117
2.7578125 0.128805050466854
2.7734375 0.128633955232723
2.7890625 0.128459602532019
2.8046875 0.128282006232667
2.8203125 0.128101180447393
2.8359375 0.127917139531843
2.8515625 0.127729898082697
2.8671875 0.127539470935729
2.8828125 0.127345873163855
2.8984375 0.127149120075144
2.9140625 0.126949227210799
2.9296875 0.126746210343116
2.9453125 0.126540085473404
2.9609375 0.126330868829892
2.9765625 0.126118576865596
2.9921875 0.125903226256162
3.0078125 0.125684833897688
3.0234375 0.125463416904515
3.0390625 0.125238992606989
3.0546875 0.125011578549209
3.0703125 0.124781192486735
3.0859375 0.124547852384285
3.1015625 0.124311576413399
3.1171875 0.124072382950083
3.1328125 0.12383029057243
3.1484375 0.123585318058217
3.1640625 0.123337484382479
3.1796875 0.123086808715062
3.1953125 0.122833310418157
3.2109375 0.122577009043805
3.2265625 0.122317924331392
3.2421875 0.122056076205117
3.2578125 0.12179148477144
3.2734375 0.121524170316515
3.2890625 0.121254153303598
3.3046875 0.120981454370446
3.3203125 0.120706094326686
3.3359375 0.12042809415118
3.3515625 0.12014747498936
3.3671875 0.119864258150555
3.3828125 0.119578465105302
3.3984375 0.119290117482634
3.4140625 0.118999237067362
3.4296875 0.118705845797339
3.4453125 0.118409965760705
3.4609375 0.118111619193126
3.4765625 0.117810828475019
3.4921875 0.117507616128755
3.5078125 0.117202004815863
3.5234375 0.116894017334214
3.5390625 0.116583676615196
3.5546875 0.116271005720877
3.5703125 0.115956027841162
3.5859375 0.115638766290933
3.6015625 0.11531924450719
3.6171875 0.114997486046171
3.6328125 0.114673514580475
3.6484375 0.11434735389617
3.6640625 0.114019027889896
3.6796875 0.113688560565962
3.6953125 0.113355976033436
3.7109375 0.113021298503228
3.7265625 0.112684552285172
3.7421875 0.112345761785097
3.7578125 0.112004951501896
3.7734375 0.111662146024598
3.7890625 0.111317370029422
3.8046875 0.110970648276844
3.8203125 0.11062200560865
3.8359375 0.110271466944993
3.8515625 0.109919057281449
3.8671875 0.109564801686066
3.8828125 0.109208725296419
3.8984375 0.108850853316666
3.9140625 0.108491211014593
3.9296875 0.108129823718677
3.9453125 0.107766716815137
3.9609375 0.107401915744994
3.9765625 0.107035446001127
3.9921875 0.106667333125343
4.0078125 0.106297602705435
4.0234375 0.105926280372262
4.0390625 0.105553391796813
4.0546875 0.105178962687294
4.0703125 0.10480301878621
4.0859375 0.104425585867454
4.1015625 0.104046689733404
4.1171875 0.103666356212026
4.1328125 0.103284611153985
4.1484375 0.10290148042976
4.1640625 0.102516989926769
4.1796875 0.102131165546507
4.1953125 0.10174403320168
4.2109375 0.101355618813364
4.2265625 0.100965948308164
4.2421875 0.100575047615383
4.2578125 0.100182942664206
4.2734375 0.0997896593808888
4.2890625 0.0993952236859681
4.3046875 0.0989996614914711
4.3203125 0.0986029986981457
4.3359375 0.0982052611927005
4.3515625 0.0978064748450574
4.3671875 0.0974066655056183
4.3828125 0.0970058590025448
4.3984375 0.0966040811390529
4.4140625 0.0962013576907211
4.4296875 0.0957977144028144
4.4453125 0.0953931769876225
4.4609375 0.0949877711218144
4.4765625 0.0945815224438087
4.4921875 0.0941744565511602
4.5078125 0.0937665989979627
4.5234375 0.0933579752922701
4.5390625 0.0929486108935333
4.5546875 0.0925385312100558
4.5703125 0.0921277615964673
4.5859375 0.0917163273512152
4.6015625 0.0913042537140753
4.6171875 0.0908915658636811
4.6328125 0.0904782889150729
4.6484375 0.0900644479172659
4.6640625 0.0896500678508392
4.6796875 0.0892351736255438
4.6953125 0.0888197900779328
4.7109375 0.0884039419690106
4.7265625 0.0879876539819046
4.7421875 0.0875709507195578
4.7578125 0.0871538567024432
4.7734375 0.0867363963663
4.7890625 0.086318594059892
4.8046875 0.0859004740427886
4.8203125 0.0854820604831688
4.8359375 0.0850633774556475
4.8515625 0.0846444489391258
4.8671875 0.0842252988146637
4.8828125 0.0838059508633779
4.8984375 0.0833864287643622
4.9140625 0.0829667560926328
4.9296875 0.0825469563170975
4.9453125 0.08212705279855
4.9609375 0.0817070687876882
4.9765625 0.081287027423158
4.9921875 0.0808669517296224
5.0078125 0.080446864615855
5.0234375 0.08002678887286
5.0390625 0.0796067471720175
5.0546875 0.0791867620632545
5.0703125 0.0787668559732418
5.0859375 0.078347051203618
5.1015625 0.0779273699292382
5.1171875 0.0775078341964507
5.1328125 0.0770884659213992
5.1484375 0.0766692868883528
5.1640625 0.0762503187480615
5.1796875 0.0758315830161398
5.1953125 0.075413101071477
5.2109375 0.0749948941546745
5.2265625 0.0745769833665109
5.2421875 0.0741593896664339
5.2578125 0.0737421338710802
5.2734375 0.0733252366528227
5.2890625 0.0729087185383454
5.3046875 0.0724925999072464
5.3203125 0.072076900990668
5.3359375 0.0716616418699554
5.3515625 0.0712468424753427
5.3671875 0.0708325225846676
5.3828125 0.0704187018221133
5.3984375 0.0700053996569795
5.4140625 0.0695926354024801
5.4296875 0.0691804282145707
5.4453125 0.068768797090803
5.4609375 0.0683577608692076
5.4765625 0.0679473382272061
5.4921875 0.0675375476805494
5.5078125 0.0671284075822863
5.5234375 0.0667199361217588
5.5390625 0.0663121513236265
5.5546875 0.0659050710469186
5.5703125 0.0654987129841147
5.5859375 0.0650930946602529
5.6015625 0.0646882334320669
5.6171875 0.0642841464871509
5.6328125 0.0638808508431519
5.6484375 0.0634783633469913
5.6640625 0.0630767006741132
5.6796875 0.0626758793277613
5.6953125 0.0622759156382835
5.7109375 0.0618768257624643
5.7265625 0.061478625682885
5.7421875 0.0610813312073111
5.7578125 0.0606849579681079
5.7734375 0.0602895214216831
5.7890625 0.0598950368479572
5.8046875 0.0595015193498607
5.8203125 0.0591089838528591
5.8359375 0.0587174451045044
5.8515625 0.0583269176740141
5.8671875 0.0579374159518769
5.8828125 0.0575489541494848
5.8984375 0.0571615462987929
5.9140625 0.0567752062520046
5.9296875 0.0563899476812836
5.9453125 0.0560057840784926
5.9609375 0.0556227287549575
5.9765625 0.0552407948412581
5.9921875 0.0548599952870444
6.0078125 0.0544803428608786
6.0234375 0.0541018501501028
6.0390625 0.0537245295607322
6.0546875 0.0533483933173731
6.0703125 0.0529734534631663
6.0859375 0.0525997218597558
6.1015625 0.0522272101872814
6.1171875 0.0518559299443967
6.1328125 0.0514858924483109
6.1484375 0.051117108834855
6.1640625 0.0507495900585724
6.1796875 0.0503833468928329
6.1953125 0.0500183899299704
6.2109375 0.0496547295814445
6.2265625 0.0492923760780248
6.2421875 0.0489313394699986
6.2578125 0.0485716296274016
6.2734375 0.048213256240271
6.2890625 0.047856228818921
6.3046875 0.0475005566942409
6.3203125 0.0471462490180153
6.3359375 0.0467933147632653
6.3515625 0.0464417627246125
6.3671875 0.0460916015186635
6.3828125 0.0457428395844158
6.3984375 0.0453954851836849
6.4140625 0.0450495464015519
6.4296875 0.0447050311468314
6.4453125 0.0443619471525602
6.4609375 0.0440203019765054
6.4765625 0.0436801030016927
6.4921875 0.0433413574369541
6.5078125 0.0430040723174948
6.5234375 0.0426682545054798
6.5390625 0.042333910690638
6.5546875 0.0420010473908865
6.5703125 0.0416696709529719
6.5859375 0.0413397875531305
6.6015625 0.041011403197766
6.6171875 0.0406845237241448
6.6328125 0.0403591548011088
6.6484375 0.0400353019298049
6.6640625 0.0397129704444319
6.6796875 0.0393921655130037
6.6953125 0.0390728921381282
6.7109375 0.0387551551578038
6.7265625 0.0384389592462298
6.7421875 0.0381243089146339
6.7578125 0.0378112085121139
6.7734375 0.0374996622264953
6.7890625 0.037189674085203
6.8046875 0.0368812479561477
6.8203125 0.0365743875486266
6.8359375 0.036269096414238
6.8515625 0.0359653779478097
6.8671875 0.0356632353883407
6.8828125 0.035362671819956
6.8984375 0.0350636901728746
6.9140625 0.0347662932243901
6.9296875 0.0344704835998632
6.9453125 0.034176263773727
6.9609375 0.0338836360705035
6.9765625 0.0335926026658324
6.9921875 0.0333031655875105
7.0078125 0.0330153267165425
7.0234375 0.0327290877882027
7.0390625 0.0324444503931069
7.0546875 0.0321614159782947
7.0703125 0.0318799858483222
7.0859375 0.0316001611663633
7.1015625 0.0313219429553219
7.1171875 0.0310453320989524
7.1328125 0.0307703293429891
7.1484375 0.0304969352962846
7.1640625 0.030225150431957
7.1796875 0.0299549750885439
7.1953125 0.0296864094711662
7.2109375 0.0294194536526975
7.2265625 0.0291541075749428
7.2421875 0.0288903710498227
7.2578125 0.0286282437605657
7.2734375 0.0283677252629063
7.2890625 0.0281088149862899
7.3046875 0.0278515122350836
7.3203125 0.0275958161897926
7.3359375 0.0273417259082833
7.3515625 0.02708924032701
7.3671875 0.0268383582622484
7.3828125 0.0265890784113329
7.3984375 0.0263413993538987
7.4140625 0.0260953195531289
7.4296875 0.0258508373570046
7.4453125 0.02560795099956
7.4609375 0.0253666586021404
7.4765625 0.0251269581746639
7.4921875 0.0248888476168863
7.5078125 0.0246523247196689
7.5234375 0.0244173871662488
7.5390625 0.024184032533512
7.5546875 0.0239522582932687
7.5703125 0.02372206181353
7.5859375 0.0234934403597875
7.6015625 0.0232663910962935
7.6171875 0.023040911087343
7.6328125 0.0228169972985565
7.6484375 0.0225946465981644
7.6640625 0.0223738557582911
7.6796875 0.0221546214562402
7.6953125 0.0219369402757801
7.7109375 0.021720808708429
7.7265625 0.0215062231547403
7.7421875 0.0212931799255874
7.7578125 0.0210816752434482
7.7734375 0.0208717052436881
7.7890625 0.0206632659758429
7.8046875 0.0204563534049002
7.8203125 0.020250963412579
7.8359375 0.0200470917986085
7.8515625 0.0198447342820046
7.8671875 0.0196438865023446
7.8828125 0.0194445440210398
7.8984375 0.0192467023226059
7.9140625 0.0190503568159306
7.9296875 0.0188555028355387
7.9453125 0.0186621356428545
7.9609375 0.018470250427461
7.9765625 0.0182798423083557
7.9921875 0.0180909063352035
8.0078125 0.0179034374895856
8.0234375 0.0177174306862451
8.0390625 0.0175328807743283
8.0546875 0.0173497825386224
8.0703125 0.0171681307007886
8.0859375 0.0169879199205912
8.1015625 0.0168091447971219
8.1171875 0.0166317998700199
8.1328125 0.0164558796206866
8.1484375 0.0162813784734958
8.1640625 0.0161082907969987
8.1796875 0.0159366109051236
8.1953125 0.0157663330583701
8.2109375 0.0155974514649983
8.2265625 0.0154299602822118
8.2421875 0.0152638536173353
8.2578125 0.015099125528986
8.2734375 0.0149357700282391
8.2890625 0.0147737810797877
8.3046875 0.0146131526030949
8.3203125 0.0144538784735417
8.3359375 0.0142959525235663
8.3515625 0.0141393685437981
8.3671875 0.0139841202841846
8.3828125 0.0138302014551113
8.3984375 0.0136776057285147
8.4140625 0.0135263267389887
8.4296875 0.0133763580848831
8.4453125 0.0132276933293951
8.4609375 0.0130803260016543
8.4765625 0.0129342495977987
8.4921875 0.0127894575820446
8.5078125 0.012645943387748
8.5234375 0.0125037004184585
8.5390625 0.0123627220489659
8.5546875 0.0122230016263381
8.5703125 0.0120845324709515
8.5859375 0.0119473078775135
8.6015625 0.0118113211160768
8.6171875 0.0116765654330451
8.6328125 0.011543034052171
8.6484375 0.0114107201755457
8.6640625 0.0112796169845798
8.6796875 0.0111497176409764
8.6953125 0.0110210152876945
8.7109375 0.0108935030499054
8.7265625 0.0107671740359391
8.7421875 0.0106420213382228
8.7578125 0.0105180380342105
8.7734375 0.0103952171873038
8.7890625 0.0102735518477636
8.8046875 0.0101530350536137
8.8203125 0.0100336598315346
8.8359375 0.00991541919774898
8.8515625 0.00979830615889772
8.8671875 0.00968231371290746
8.8828125 0.00956743484984857
8.8984375 0.00945366255278433
8.9140625 0.0093409897986109
8.9296875 0.00922940955888815
8.9453125 0.00911891480066133
8.9609375 0.00900949848727352
8.9765625 0.00890115357916895
8.9921875 0.00879387303468692
9.0078125 0.00868764981084665
9.0234375 0.00858247686412269
9.0390625 0.00847834715121121
9.0546875 0.00837525362978686
9.0703125 0.00827318925925041
9.0859375 0.00817214700146703
9.1015625 0.00807211982149524
9.1171875 0.00797310068830663
9.1328125 0.00787508257549613
9.1484375 0.00777805846198302
9.1640625 0.00768202133270262
9.1796875 0.00758696417928863
9.1953125 0.00749288000074615
9.2109375 0.00739976180411542
9.2265625 0.00730760260512623
9.2421875 0.007216395428843
9.2578125 0.0071261333103007
9.2734375 0.00703680929513131
9.2890625 0.0069484164401812
9.3046875 0.00686094781411918
9.3203125 0.00677439649803533
9.3359375 0.00668875558603064
9.3515625 0.00660401818579748
9.3671875 0.00652017741919086
9.3828125 0.00643722642279062
9.3984375 0.00635515834845447
9.4140625 0.00627396636386189
9.4296875 0.00619364365304911
9.4453125 0.00611418341693489
9.4609375 0.00603557887383743
9.4765625 0.00595782325998224
9.4921875 0.00588090983000111
9.5078125 0.00580483185742219
9.5234375 0.00572958263515111
9.5390625 0.00565515547594343
9.5546875 0.00558154371286812
9.5703125 0.00550874069976244
9.5859375 0.00543673981167804
9.6015625 0.00536553444531834
9.6171875 0.00529511801946738
9.6328125 0.00522548397541005
9.6484375 0.00515662577734371
9.6640625 0.00508853691278141
9.6796875 0.00502121089294665
9.6953125 0.00495464125315963
9.7109375 0.0048888215532153
9.7265625 0.00482374537775303
9.7421875 0.00475940633661799
9.7578125 0.00469579806521439
9.7734375 0.00463291422485057
9.7890625 0.00457074850307595
9.8046875 0.00450929461400996
9.8203125 0.00444854629866301
9.8359375 0.00438849732524944
9.8515625 0.00432914148949271
9.8671875 0.00427047261492268
9.8828125 0.00421248455316515
9.8984375 0.00415517118422373
9.9140625 0.004098526416754
9.9296875 0.00404254418833017
9.9453125 0.0039872184657041
9.9609375 0.00393254324505695
9.9765625 0.00387851255224342
9.9921875 0.00382512044302856
