1 7.88860905221007E-29
2 3.90486148084399E-27
3 1.27558808374237E-25
4 3.09330110307528E-24
5 5.93913811790457E-23
6 9.40363535334875E-22
7 1.26277389030684E-20
8 1.4679746474817E-19
9 1.50059630631463E-18
10 1.36554263874631E-17
11 1.11726215897426E-16
12 8.28636101239242E-16
13 5.6092289930041E-15
14 3.48573515993827E-14
15 1.99848815836462E-13
16 1.0616968341312E-12
17 5.24603141570709E-12
18 2.4190033750205E-11
19 1.04399093027201E-10
20 4.22816326760161E-10
21 1.61072886384823E-09
22 5.78398092018224E-09
23 1.96152396423573E-08
24 6.29322271858963E-08
25 1.91313970645125E-07
26 5.51867223014791E-07
27 1.51252498159608E-06
28 3.94336870201833E-06
29 9.79043263949379E-06
30 2.31706905801354E-05
31 5.2320914213208E-05
32 0.000112816971272231
33 0.000232471334742782
34 0.00045810527728724
35 0.000863855665741637
36 0.00155973939647797
37 0.00269792760471872
38 0.00447287997624416
39 0.00711073226992652
40 0.0108438667116379
41 0.0158690732365434
42 0.0222922695465728
43 0.030068642644214
44 0.0389525597890957
45 0.0484742966264316
46 0.0579583981402981
47 0.0665904999909801
48 0.0735270104067086
49 0.078028664105079
50 0.0795892373871789
51 0.078028664105079
52 0.0735270104067086
53 0.0665904999909801
54 0.0579583981402981
55 0.0484742966264316
56 0.0389525597890973
57 0.0300686426442152
58 0.0222922695465735
59 0.0158690732365441
60 0.0108438667116383
61 0.00711073226992702
62 0.00447287997624455
63 0.00269792760471891
64 0.00155973939647804
65 0.000863855665741674
66 0.000458105277287272
67 0.000232471334742799
68 0.000112816971272241
69 5.23209142132133E-05
70 2.3170690580138E-05
71 9.79043263949476E-06
72 3.94336870201867E-06
73 1.51252498159619E-06
74 5.51867223014827E-07
75 1.91313970645141E-07
76 6.29322271858994E-08
77 1.96152396423582E-08
78 5.78398092018248E-09
79 1.61072886384831E-09
80 4.22816326760173E-10
81 1.04399093027205E-10
82 2.41900337502046E-11
83 5.24603141570702E-12
84 1.0616968341312E-12
85 1.99848815836468E-13
86 3.48573515993832E-14
87 5.60922899300418E-15
88 8.28636101239248E-16
89 1.11726215897426E-16
90 1.36554263874637E-17
91 1.50059630631467E-18
92 1.46797464748172E-19
93 1.26277389030685E-20
94 9.40363535334888E-22
95 5.93913811790449E-23
96 3.0933011030752E-24
97 1.27558808374233E-25
98 3.90486148084377E-27
99 7.88860905220951E-29
100 7.88860905220966E-31
